studentData:: 姜子牙 1 202243010101 2022 1 1 501 4 30.2 21.1 80.3 30.6
studentData:: 王昭君 0 202243010102 2022 2 2 502 3 31 22 81 31
studentData:: 上官婉儿 0 202243010105 2022 5 2 505 4 60 60 10 34
studentData:: 貂蝉 0 202243010106 2023 1 3 506 3 61 80 11 86
studentData:: 妲己 0 202243010107 2023 2 1 507 2 62 90 12 97
studentData:: 公孙离 0 202243010108 2023 3 2 508 1 63 91 13 65
studentData:: 马超 1 202243010109 2023 4 3 509 4 90 92 82 66
studentData:: 大乔 0 202243010110 2023 5 1 510 3 91 93 83 67
studentData:: 李白 1 202243010111 2022 1 2 511 2 92 94 84 70
studentData:: 孙尚香 0 202243010112 2022 2 3 512 1 93 95 85 71
studentData:: 蔡文姬 0 202243010113 2022 3 1 513 4 94 96 86 72
studentData:: 瑶 0 202243010114 2023 4 2 514 3 95 30 65 73
studentData:: 诸葛亮 1 202243010115 2023 5 3 515 2 96 31 66 83
studentData:: 花木兰 0 202243010116 2023 1 1 516 1 97 32 67 79
studentData:: 大司命 1 202243010117 2023 2 2 517 2 98 60 68 72
studentData:: 孙膑 0 202243010118 2023 3 3 518 3 99 20 69 64
